0.079630232334	00000000000	1000000
1.01131428715	00001000000	1000000
18.0552433340	10001000000	1100000
19.1271376669	11001000000	1100000
19.3592241472	01001000000	1100000
20.4128345921	00001000000	1100000
23.2705989169	10001000000	0100000
30.4381070779	10011000000	0110000
32.0923617387	10001000000	1110000
33.1954036058	10001010000	1100100
33.2789770767	10000010000	1100100
33.8497521333	11000010000	1100100
34.1154660718	01000010000	1100100
35.2516557272	00000010000	1100100
36.2036568894	00000110000	1110100
36.6712436916	00000110100	1110110
38.1584586868	00000100100	1110110
38.2429333896	10000100100	0110110
38.4758085176	10000100000	0100010
38.5597560584	10000000000	0100010
41.5003077207	10001000000	0100010
41.8846202520	10001000001	0100010
42.7870368999	10001000000	0100000
45.0595835504	10011000000	0110000
46.7643066367	10001000000	1110000
47.8674588530	10001010000	1100100
47.9510353970	10000010000	1100100
48.5045982101	11100010000	1100100
48.8540049084	01100010000	1100100
49.8736571268	00000010000	1100100
50.8752900159	00000110000	1110100
51.3604094934	00000110100	1110110
53.0141288907	00000100100	1110110
53.1645798558	10000100100	0110110
53.3485378728	10000100000	0100010
53.4316914580	10000000000	0100010
56.3566408580	10001000000	0100010
56.8916940561	10001000001	0100010
57.7931770658	10001000000	0100000
59.5476601076	10011000000	0110000
61.2857578268	10001000000	1110000
62.3893260177	10001010000	1100100
62.4745882507	10000010000	1100100
63.1430268372	11000010000	1100100
63.4600201981	01000010000	1100100
64.5283453623	00000010000	1100100
65.4142342113	00000110000	1101100
65.5697489485	00000100000	1101100
66.1821647723	00000101000	1101101
67.5865083411	10000101000	0101101
68.0701558438	10000100000	0100001
68.1704009867	10000000000	0100001
71.0971712885	10001000000	0100001
71.7126877857	10001000010	0100001
72.6158229607	10001000000	0100000
74.4201346819	10011000000	0110000
75.9744218888	10001000000	1110000
77.0810823722	10001010000	1100100
77.1787892037	10000010000	1100100
77.8498521460	10100010000	1100100
77.8561677532	11100010000	1100100
78.2858324172	01100010000	1100100
79.4223983774	00000010000	1100100
80.0883609509	00000110000	1110100
80.5541751815	00000110100	1110110
82.0909816750	00000100100	1110110
82.4592066869	00000100000	1100010
82.5419021133	00000000000	1100010
83.1605815823	10000000000	0100010
85.4825699914	10001000000	0100010
85.9512482732	10001000001	0100010
86.8530810480	10001000000	0100000
89.2774671082	10011000000	0110000
90.9646860146	10001000000	1110000
92.0501102794	10001010000	1100100
92.1350082203	10000010000	1100100
92.8049970038	10100010000	1100100
92.8192781485	11100010000	1100100
93.2703298883	01100010000	1100100
94.4071548200	00000010000	1100100
95.0586624836	00000110000	1101100
95.2257610953	00000100000	1101100
95.8299811848	00000101000	1101101
97.7649477797	00000100000	1100001
97.8494794730	00000000000	1100001
97.9654844401	10000000000	0100001
100.773120606	10001000000	0100001
101.374271311	10001000010	0100001
102.276765064	10001000000	0100000
104.147974673	10011000000	0110000
105.819824587	10001000000	1110000
106.945793111	10001010000	1100100
107.031136639	10000010000	1100100
107.577813940	11000010000	1100100
107.858948554	01000010000	1100100
108.961750167	00000010000	1100100
109.963855741	00000110000	1101100
110.131287356	00000100000	1101100
110.715862770	00000101000	1101101
112.621708346	00000100000	1100001
112.704148712	00000000000	1100001
112.988442386	10000000000	0100001
115.645451028	10001000000	0100001
116.196969168	10001000010	0100001
117.149286571	10001000000	0100000
118.753546331	10011000000	0110000
120.408587963	10001000000	1110000
121.512104471	10001010000	1100100
121.596818590	10000010000	1100100
122.132131877	11000010000	1100100
122.414094249	01000010000	1100100
123.468442777	00000010000	1100100
124.519135812	00000110000	1110100
124.987645078	00000110100	1110110
126.408439899	00000100100	1110110
126.724430898	00000100000	1100010
126.809028242	00000000000	1100010
127.577483451	10000000000	0100010
129.751924895	10001000000	0100010
130.167366802	10001000001	0100010
131.037300271	10001000000	0100000
133.209933665	10011000000	0110000
134.846745327	10001000000	1110000
135.949961517	10001010000	1100100
136.032652474	10000010000	1100100
136.605737042	11000010000	1100100
136.906351226	01000010000	1100100
137.887672875	00000010000	1100100
138.941344780	00000110000	1110100
139.408386261	00000110100	1110110
140.846145250	00000100100	1110110
141.162898637	00000100000	1100010
141.247037263	00000000000	1100010
142.282988760	10000000000	0100010
144.170278904	10001000000	0100010
144.621358580	10001000001	0100010
145.523694213	10001000000	0100000
147.695737307	10011000000	0110000
149.434869236	10001000000	1110000
150.520510009	10001010000	1100100
150.613805945	10000010000	1100100
151.241349389	11000010000	1100100
151.674413089	01000010000	1100100
152.810284827	00000010000	1100100
153.545797301	00000110000	1110100
154.014087265	00000110100	1110110
155.533528982	00000100100	1110110
155.867986015	00000100000	1100010
155.954034940	00000000000	1100010
156.287109675	10000000000	0100010
158.877948734	10001000000	0100010
159.344031155	10001000001	0100010
160.246013949	10001000000	0100000
162.485213624	10011000000	0110000
164.173157762	10001000000	1110000
165.279594194	10001010000	1100100
165.377237610	10000010000	1100100
165.981721420	11000010000	1100100
166.313423075	01000010000	1100100
167.383456836	00000010000	1100100
168.318227037	00000110000	1110100
168.751902826	00000110100	1110110
170.323836409	00000100100	1110110
170.389750094	10000100100	0110110
170.623910022	10000100000	0100010
170.708139163	10000000000	0100010
173.647975930	10001000000	0100010
174.048640540	10001000001	0100010
174.951192400	10001000000	0100000
177.108187493	10011000000	0110000
178.801310222	10001000000	1110000
179.914310338	10001010000	1100100
179.999163581	10000010000	1100100
180.517837323	11100010000	1100100
180.838728665	01100010000	1100100
181.904983734	00000010000	1100100
182.922638771	00000110000	1110100
183.407587557	00000110100	1110110
184.927482962	00000100100	1110110
185.328387546	00000100000	1100010
185.412992713	00000000000	1100010
186.716439659	10000000000	0100010
188.336243293	10001000000	0100010
188.855033251	10001000001	0100010
189.758408960	10001000000	0100000
191.628009146	10011000000	0110000
193.233151420	10001000000	1110000
194.302593486	10001010000	1100100
194.385737293	10000010000	1100100
195.057236883	11000010000	1100100
195.371976885	01000010000	1100100
196.491750208	00000010000	1100100
197.327033184	00000110000	1101100
197.477386092	00000100000	1101100
198.113071633	00000101000	1101101
199.432369756	10000101000	0101101
200.000497829	10000100000	0100001
200.083995592	10000000000	0100001
203.008239315	10001000000	0100001
203.559783716	10001000010	0100001
204.463103272	10001000000	0100000
206.333434836	10011000000	0110000
208.122482606	10001000000	1110000
209.224681070	10001010000	1100100
209.309818706	10000010000	1100100
209.844988399	11000010000	1100100
210.160780211	01000010000	1100100
211.248295803	00000010000	1100100
212.250030940	00000110000	1110100
212.736516233	00000110100	1110110
214.238141160	00000100100	1110110
214.639141008	00000100000	1100010
214.728415483	00000000000	1100010
216.177225038	10000000000	0100010
217.663477621	10001000000	0100010
218.233198353	10001000001	0100010
219.150597632	10001000000	0100000
221.038759116	10011000000	0110000
222.727236842	10001000000	1110000
223.813317056	10001010000	1100100
223.898356914	10000010000	1100100
224.469151247	11000010000	1100100
224.753364464	01000010000	1100100
225.802803150	00000010000	1100100
226.820927520	00000110000	1110100
227.288831960	00000110100	1110110
228.776442257	00000100100	1110110
228.893738729	10000100100	0110110
229.060502941	10000100000	0100010
229.145033237	10000000000	0100010
232.084485319	10001000000	0100010
232.471554625	10001000001	0100010
233.404999239	10001000000	0100000
235.762405557	10011000000	0110000
237.498844127	10001000000	1110000
238.601977905	10001010000	1100100
238.702363569	10000010000	1100100
239.173264759	10100010000	1100100
239.204415366	11100010000	1100100
239.538737465	01100010000	1100100
240.607545931	00000010000	1100100
241.60999736	00000110000	1110100
242.061329582	00000110100	1110110
243.534635268	00000100100	1110110
243.599603302	10000100100	0110110
243.834514163	10000100000	0100010
243.933549096	10000000000	0100010
246.842414609	10001000000	0100010
247.275128822	10001000001	0100010
248.145056145	10001000000	0100000
250.501553968	10011000000	0110000
252.240308196	10001000000	1110000
253.344133961	10001010000	1100100
253.442160666	10000010000	1100100
254.046771866	11000010000	1100100
254.311468357	01000010000	1100100
255.364859780	00000010000	1100100
256.368616682	00000110000	1101100
256.533275319	00000100000	1101100
257.135123598	00000101000	1101101
259.007957436	00000100000	1100001
259.106348153	00000000000	1100001
260.614718351	10000000000	0100001
262.030741058	10001000000	0100001
262.581264658	10001000010	0100001
263.516906758	10001000000	0100000
265.087657510	10011000000	0110000
266.876743553	10001000000	1110000
268.013854554	10001010000	1100100
268.085672620	10000010000	1100100
268.685177585	11100010000	1100100
269.016787050	01100010000	1100100
270.025666949	00000010000	1100100
271.007974477	00000110000	1110100
271.455068451	00000110100	1110110
272.791734983	10000110100	0110110
273.009235531	10000100100	0110110
273.343506228	10000100000	0100010
273.427454327	10000000000	0100010
276.367703996	10001000000	0100010
276.835522671	10001000001	0100010
277.720878212	10001000000	0100000
279.645273352	10011000000	0110000
281.398041371	10001000000	1110000
282.500650781	10001010000	1100100
282.584700290	10000010000	1100100
283.204959569	10100010000	1100100
283.210391824	11100010000	1100100
283.520777920	01100010000	1100100
284.575149076	00000010000	1100100
285.508563798	00000110000	1101100
285.642612120	00000100000	1101100
286.243766456	00000101000	1101101
288.182105268	00000100000	1100001
288.267067183	00000000000	1100001
289.587076570	10000000000	0100001
291.189852062	10001000000	0100001
291.724550467	10001000010	0100001
292.677457330	10001000000	0100000
294.500491543	10011000000	0110000
296.137183916	10001000000	1110000
297.222769374	10001010000	1100100
297.307724026	10000010000	1100100
297.860707157	11000010000	1100100
298.142523421	01000010000	1100100
299.262571081	00000010000	1100100
300.247711930	00000110000	1101100
300.399133689	00000100000	1101100
301.022006149	00000101000	1101101
302.620212904	10000101000	0101101
302.903979137	10000100000	0100001
302.987703744	10000000000	0100001
305.931092918	10001000000	0100001
306.497442273	10001000010	0100001
307.400712102	10001000000	0100000
309.053782534	10011000000	0110000
310.761454040	10001000000	1110000
311.863353024	10001010000	1100100
311.981295388	10000010000	1100100
312.631988423	11000010000	1100100
312.998608203	01000010000	1100100
314.100851365	00000010000	1100100
314.885648316	00000110000	1110100
315.337485630	00000110100	1110110
316.173072276	10000110100	0110110
317.059843081	10000100100	0110110
317.507032318	10000100000	0100010
317.602531607	10000000000	0100010
320.519412663	10001000000	0100010
321.085725700	10001000001	0100010
321.972442866	10001000000	0100000
323.910795925	10011000000	0110000
325.614743215	10001000000	1110000
326.717819164	10001010000	1100100
326.786981027	10000010000	1100100
327.358737214	11000010000	1100100
327.657007245	01000010000	1100100
328.755957252	00000010000	1100100
329.708491442	00000110000	1110100
330.175919286	00000110100	1110110
331.699962146	00000100100	1110110
331.997161930	00000100000	1100010
332.080717801	00000000000	1100010
334.270256695	10000000000	0100010
335.00499868	10001000000	0100010
335.490769078	10001000001	0100010
336.377707502	10001000000	0100000
338.396949612	10011000000	0110000
340.152785340	10001000000	1110000
341.239306113	10001010000	1100100
341.323179343	10000010000	1100100
341.931156893	11000010000	1100100
342.228708677	01000010000	1100100
343.328521642	00000010000	1100100
344.247797416	00000110000	1110100
344.714389957	00000110100	1110110
345.766953062	10000110100	0110110
346.234708881	10000100100	0110110
346.603818083	10000100000	0100010
346.686845395	10000000000	0100010
349.627265197	10001000000	0100010
350.161423589	10001000001	0100010
351.063553887	10001000000	0100000
353.035480208	10011000000	0110000
354.707876839	10001000000	1110000
355.810843278	10001010000	1100100
355.896069473	10000010000	1100100
356.483010550	11000010000	1100100
356.796423009	01000010000	1100100
357.850055524	00000010000	1100100
358.834692398	00000110000	1110100
359.302922019	00000110100	1110110
360.808051023	00000100100	1110110
361.143173225	00000100000	1100010
361.241448843	00000000000	1100010
363.180668493	10000000000	0100010
364.182915426	10001000000	0100010
364.582717636	10001000001	0100010
365.468141063	10001000000	0100000
367.809757385	10011000000	0110000
369.430390455	10001000000	1110000
370.516219799	10001010000	1100100
370.601205460	10000010000	1100100
371.287225332	10100010000	1100100
371.318346606	11100010000	1100100
371.685577357	01100010000	1100100
372.690356177	00000010000	1100100
373.527361438	00000110000	1110100
373.991801751	00000110100	1110110
375.278775934	10000110100	0110110
375.512944522	10000100100	0110110
375.879520162	10000100000	0100010
375.964383183	10000000000	0100010
378.887068049	10001000000	0100010
379.455536388	10001000001	0100010
380.357698534	10001000000	0100000
382.413344713	10011000000	0110000
384.184384049	10001000000	1110000
385.271033888	10001010000	1100100
385.373738841	10000010000	1100100
385.959592071	11000010000	1100100
386.307045449	01000010000	1100100
387.377097089	00000010000	1100100
388.295319098	00000110000	1101100
388.447451003	00000100000	1101100
389.047922851	00000101000	1101101
390.985990119	00000100000	1100001
391.071032212	00000000000	1100001
392.523346682	10000000000	0100001
393.993368990	10001000000	0100001
394.561777824	10001000010	0100001
395.480389826	10001000000	0100000
397.118515063	10011000000	0110000
398.857137429	10001000000	1110000
399.945723269	10001010000	1100100
400.043967879	10000010000	1100100
400.665054357	11000010000	1100100
400.966703589	01000010000	1100100
402.023485387	00000010000	1100100
402.967349761	00000110000	1110100
403.435355052	00000110100	1110110
404.688407884	10000110100	0110110
404.922201285	10000100100	0110110
405.340616475	10000100000	0100010
405.412261335	10000000000	0100010
408.350666914	10001000000	0100010
408.899874425	10001000001	0100010
409.785132747	10001000000	0100000
411.957546280	10011000000	0110000
413.646107536	10001000000	1110000
414.751409187	10001010000	1100100
414.851302051	10000010000	1100100
415.487606386	11000010000	1100100
415.788685433	01000010000	1100100
416.855697861	00000010000	1100100
417.759157658	00000110000	1110100
418.227804931	00000110100	1110110
419.894984698	00000100100	1110110
420.347060311	00000100000	1100010
420.430306366	00000000000	1100010
420.965007843	10000000000	0100010
423.353876261	10001000000	0100010
424.005271340	10001000001	0100010
424.908195036	10001000000	0100000
426.595877968	10011000000	0110000
428.300435391	10001000000	1110000
429.390199313	10001010000	1100100
429.488146957	10000010000	1100100
430.024243863	11100010000	1100100
430.356388033	01100010000	1100100
431.393130971	00000010000	1100100
432.411937830	00000110000	1110100
432.897511835	00000110100	1110110
434.434495725	00000100100	1110110
434.802268724	00000100000	1100010
434.901348076	00000000000	1100010
435.235841706	10000000000	0100010
437.825933743	10001000000	0100010
438.360610916	10001000001	0100010
439.262614941	10001000000	0100000
441.201077232	10011000000	0110000
442.905764839	10001000000	1110000
444.013071494	10001010000	1100100
444.109741043	10000010000	1100100
444.851357365	11000010000	1100100
445.180804544	01000010000	1100100
446.181763883	00000010000	1100100
447.034051534	00000110000	1101100
447.184205814	00000100000	1101100
447.769253634	00000101000	1101101
449.690824113	00000100000	1100001
449.773430422	00000000000	1100001
450.158353087	10000000000	0100001
452.715312980	10001000000	0100001
453.332506785	10001000010	0100001
454.251428883	10001000000	0100000
455.873815527	10011000000	0110000
457.694896139	10001000000	1110000
458.797253841	10001010000	1100100
458.880803845	10000010000	1100100
459.435303090	10100010000	1100100
459.466597012	11100010000	1100100
459.750711054	01100010000	1100100
460.753908947	00000010000	1100100
461.806064458	00000110000	1110100
462.274182613	00000110100	1110110
463.778112302	00000100100	1110110
464.128340054	00000100000	1100010
464.213538872	00000000000	1100010
464.663021976	10000000000	0100010
467.152509048	10001000000	0100010
467.622482187	10001000001	0100010
468.507568141	10001000000	0100000
470.396016253	10011000000	0110000
472.082726995	10001000000	1110000
473.185121014	10001010000	1100100
473.270167577	10000010000	1100100
473.838859408	11100010000	1100100
474.155117201	01100010000	1100100
475.190893256	00000010000	1100100
476.193868774	00000110000	1101100
476.343722736	00000100000	1101100
476.945104755	00000101000	1101101
478.234950811	10000101000	0101101
478.869043691	10000100000	0100001
478.967476313	10000000000	0100001
481.874310003	10001000000	0100001
482.442566024	10001000010	0100001
483.378268746	10001000000	0100000
484.748303485	10011000000	0110000
486.486681408	10001000000	1110000
487.573671514	10001010000	1100100
487.658332833	10000010000	1100100
488.310340560	11000010000	1100100
488.625963914	01000010000	1100100
489.784280404	00000010000	1100100
490.597472304	00000110000	1101100
490.798453155	00000100000	1101100
491.383052595	00000101000	1101101
493.287748862	00000100000	1100001
493.372407108	00000000000	1100001
494.173793597	10000000000	0100001
496.313711938	10001000000	0100001
496.830686861	10001000010	0100001
497.749170076	10001000000	0100000
499.587371300	10011000000	0110000
501.192815288	10001000000	1110000
502.294962628	10001010000	1100100
502.379462753	10000010000	1100100
502.966289850	11000010000	1100100
503.248400006	01000010000	1100100
504.351119765	00000010000	1100100
505.319508764	00000110000	1110100
505.754229658	00000110100	1110110
507.308049207	00000100100	1110110
507.692349726	00000100000	1100010
507.777062169	00000000000	1100010
507.993497218	10000000000	0100010
510.717022415	10001000000	0100010
511.235545579	10001000001	0100010
512.120281768	10001000000	0100000
514.092252228	10011000000	0110000
515.696706984	10001000000	1110000
516.816446783	10001010000	1100100
516.900141498	10000010000	1100100
517.637601148	11000010000	1100100
518.003312712	01000010000	1100100
519.074557241	00000010000	1100100
519.824634695	00000110000	1110100
520.292782183	00000110100	1110110
521.849498190	00000100100	1110110
522.250111956	00000100000	1100010
522.348272476	00000000000	1100010
523.151220337	10000000000	0100010
525.272526816	10001000000	0100010
525.807148115	10001000001	0100010
526.709137334	10001000000	0100000
528.881902029	10011000000	0110000
530.419492142	10001000000	1110000
531.505714553	10001010000	1100100
531.588918703	10000010000	1100100
532.176385546	11000010000	1100100
532.475443946	01000010000	1100100
533.612267202	00000010000	1100100
534.529599153	00000110000	1110100
535.001244013	00000110100	1110110
536.507957576	00000100100	1110110
536.822230479	00000100000	1100010
536.920028942	00000000000	1100010
537.223457451	10000000000	0100010
539.826636067	10001000000	0100010
540.331168626	10001000001	0100010
541.264107868	10001000000	0100000
543.220081323	10011000000	0110000
544.941389758	10001000000	1110000
546.013530770	10001010000	1100100
546.110998186	10000010000	1100100
546.615441348	11000010000	1100100
546.883332938	01000010000	1100100
547.888706526	00000010000	1100100
549.034567801	00000110000	1110100
549.502418883	00000110100	1110110
551.006602236	00000100100	1110110
551.323825794	00000100000	1100010
551.407203709	00000000000	1100010
551.524680371	10000000000	0100010
554.348155143	10001000000	0100010
554.749138508	10001000001	0100010
555.651257632	10001000000	0100000
557.658304896	10011000000	0110000
559.362080097	10001000000	1110000
560.465112186	10001010000	1100100
560.565293075	10000010000	1100100
561.202218997	11100010000	1100100
561.568206574	01100010000	1100100
562.640923078	00000010000	1100100
563.472323996	00000110000	1110100
563.957022471	00000110100	1110110
565.462559906	00000100100	1110110
565.795144634	00000100000	1100010
565.895213498	00000000000	1100010
567.032083687	10000000000	0100010
568.821156041	10001000000	0100010
569.288545332	10001000001	0100010
570.206499429	10001000000	0100000
572.495984266	10011000000	0110000
574.150388946	10001000000	1110000
575.257228223	10001010000	1100100
575.354823588	10000010000	1100100
575.993222602	11000010000	1100100
576.291205726	01000010000	1100100
577.327802556	00000010000	1100100
578.278984340	00000110000	1101100
578.415485767	00000100000	1101100
579.016679494	00000101000	1101101
580.787710729	10000101000	0101101
580.954229378	10000100000	0100001
581.052400515	10000000000	0100001
583.962103843	10001000000	0100001
584.544253809	10001000010	0100001
585.480025255	10001000000	0100000
587.117422745	10011000000	0110000
588.856166915	10001000000	1110000
589.958774090	10001010000	1100100
590.044791447	10000010000	1100100
590.613810694	11000010000	1100100
590.895834806	01000010000	1100100
591.933901096	00000010000	1100100
592.983245357	00000110000	1110100
593.452672896	00000110100	1110110
594.988704151	00000100100	1110110
595.339766926	00000100000	1100010
595.425014352	00000000000	1100010
596.444421568	10000000000	0100010
598.367032682	10001000000	0100010
598.832617833	10001000001	0100010
599.719265717	10001000000	0100000
601.705962909	10011000000	0110000
603.411578008	10001000000	1110000
604.531237629	10001010000	1100100
604.616421081	10000010000	1100100
605.267846612	11000010000	1100100
605.805685918	01000010000	1100100
607.008710325	00000010000	1100100
607.542428158	00000110000	1110100
608.009768281	00000110100	1110110
609.527952296	00000100100	1110110
609.894327631	00000100000	1100010
609.977984353	00000000000	1100010
610.229421896	10000000000	0100010
612.919575812	10001000000	0100010
613.420482491	10001000001	0100010
614.289282856	10001000000	0100000
616.711802757	10011000000	0110000
618.435892271	10001000000	1110000
619.536433262	10001010000	1100100
619.605570540	10000010000	1100100
620.392554920	10100010000	1100100
620.423240663	11100010000	1100100
620.740614240	01100010000	1100100
621.809486681	00000010000	1100100
622.544876234	00000110000	1110100
623.013182402	00000110100	1110110
624.382556163	10000110100	0110110
624.483200519	10000100100	0110110
624.800353956	10000100000	0100010
624.894883288	10000000000	0100010
627.809067354	10001000000	0100010
628.259094103	10001000001	0100010
629.177929597	10001000000	0100000
631.735288144	10011000000	0110000
633.339380284	10001000000	1110000
634.443811434	10001010000	1100100
634.527727127	10000010000	1100100
635.146323346	11000010000	1100100
635.445338444	01000010000	1100100
636.532327991	00000010000	1100100
637.467417507	00000110000	1101100
637.618247571	00000100000	1101100
638.219124777	00000101000	1101101
640.141057872	00000100000	1100001
640.230573998	00000000000	1100001
641.947157250	10000000000	0100001
643.182594995	10001000000	0100001
643.818505425	10001000010	0100001
644.738644716	10001000000	0100000
646.189631643	10011000000	0110000
647.894861777	10001000000	1110000
648.997944431	10001010000	1100100
649.082544290	10000010000	1100100
649.656109366	10100010000	1100100
649.700642400	11100010000	1100100
649.968214117	01100010000	1100100
650.902737638	00000010000	1100100
652.005871696	00000110000	1110100
652.489760849	00000110100	1110110
653.476509724	10000110100	0110110
653.977037864	10000100100	0110110
654.378034638	10000100000	0100010
654.463070306	10000000000	0100010
657.402607035	10001000000	0100010
657.920783228	10001000001	0100010
658.789485256	10001000000	0100000
660.628930213	10011000000	0110000
662.283727680	10001000000	1110000
663.389174881	10001010000	1100100
663.487028659	10000010000	1100100
664.028379864	11100010000	1100100
664.325793083	01100010000	1100100
665.325946733	00000010000	1100100
666.393388266	00000110000	1101100
666.543702063	00000100000	1101100
667.162757278	00000101000	1101101
669.083255833	00000100000	1100001
669.168049291	00000000000	1100001
670.707392699	10000000000	0100001
672.091163262	10001000000	0100001
672.676410549	10001000010	0100001
673.595083733	10001000000	0100000
675.065264440	10011000000	0110000
676.803610235	10001000000	1110000
677.873744009	10001010000	1100100
677.958445277	10000010000	1100100
678.527201921	11000010000	1100100
678.792840710	01000010000	1100100
679.849468857	00000010000	1100100
680.898401612	00000110000	1101100
681.016753247	00000100000	1101100
681.634079192	00000101000	1101101
682.569442206	10000101000	0101101
683.538258354	10000100000	0100001
683.622574098	10000000000	0100001
686.562887183	10001000000	0100001
687.097156203	10001000010	0100001
687.999649956	10001000000	0100000
689.672735781	10011000000	0110000
691.378821051	10001000000	1110000
692.479613750	10001010000	1100100
692.556822166	10000010000	1100100
693.104150947	11000010000	1100100
693.403060724	01000010000	1100100
694.443630685	00000010000	1100100
695.486215706	00000110000	1110100
695.954146966	00000110100	1110110
697.491861675	10000110100	0110110
697.642048082	10000100100	0110110
698.093082501	10000100000	0100010
698.177739350	10000000000	0100010
701.117578351	10001000000	0100010
701.702702997	10001000001	0100010
702.604731328	10001000000	0100000
704.142133148	10011000000	0110000
705.896817892	10001000000	1110000
706.983152328	10001010000	1100100
707.068564021	10000010000	1100100
707.822429387	11000010000	1100100
708.153192096	01000010000	1100100
709.223775647	00000010000	1100100
709.990973713	00000110000	1110100
710.459496947	00000110100	1110110
711.996608787	00000100100	1110110
712.313875646	00000100000	1100010
712.407958274	00000000000	1100010
714.001769219	10000000000	0100010
715.321378555	10001000000	0100010
715.739557681	10001000001	0100010
716.641947789	10001000000	0100000
719.033887547	10011000000	0110000
720.720164993	10001000000	1110000
721.823167749	10001010000	1100100
721.909698858	10000010000	1100100
722.376155349	11000010000	1100100
722.675481940	01000010000	1100100
723.678287045	00000010000	1100100
724.829935928	00000110000	1110100
725.298533193	00000110100	1110110
726.853704312	00000100100	1110110
726.921283292	10000100100	0110110
727.186445763	10000100000	0100010
727.284663274	10000000000	0100010
730.177144861	10001000000	0100010
730.661672084	10001000001	0100010
731.563847360	10001000000	0100000
733.368866714	10011000000	0110000
735.060962776	10001000000	1110000
736.194527796	10001010000	1100100
736.281012531	10000010000	1100100
736.880723947	11000010000	1100100
737.163067652	01000010000	1100100
738.251005645	00000010000	1100100
739.201401016	00000110000	1110100
739.652844146	00000110100	1110110
741.340825999	00000100100	1110110
741.774605152	00000100000	1100010
741.859595004	00000000000	1100010
743.062664389	10000000000	0100010
744.799274209	10001000000	0100010
745.400923022	10001000001	0100010
746.303176521	10001000000	0100000
748.007077995	10011000000	0110000
749.611852624	10001000000	1110000
750.715613856	10001010000	1100100
750.800475759	10000010000	1100100
751.335554379	10100010000	1100100
751.368872021	11100010000	1100100
751.702633715	01100010000	1100100
752.620810466	00000010000	1100100
753.723406187	00000110000	1110100
754.191121497	00000110100	1110110
755.711153513	00000100100	1110110
756.012337043	00000100000	1100010
756.097471885	00000000000	1100010
756.313034757	10000000000	0100010
759.036441224	10001000000	0100010
759.521001412	10001000001	0100010
760.409566020	10001000000	0100000
762.247079447	10011000000	0110000
764.003212140	10001000000	1110000
765.106688141	10001010000	1100100
765.204524877	10000010000	1100100
765.842637542	11000010000	1100100
766.107040141	01000010000	1100100
767.144048755	00000010000	1100100
768.110566287	00000110000	1101100
768.280338144	00000100000	1101100
768.862668859	00000101000	1101101
769.781406296	10000101000	0101101
770.801122489	10000100000	0100001
770.885385992	10000000000	0100001
773.809002261	10001000000	0100001
774.359927589	10001000010	0100001
775.278718664	10001000000	0100000
776.782895312	10011000000	0110000
778.488896494	10001000000	1110000
779.590731783	10001010000	1100100
779.674246587	10000010000	1100100
780.278106575	11000010000	1100100
780.727689972	01000010000	1100100
781.897688952	00000010000	1100100
782.615608129	00000110000	1110100
783.083242703	00000110100	1110110
784.671082498	00000100100	1110110
785.056349061	00000100000	1100010
785.139671662	00000000000	1100010
786.876838257	10000000000	0100010
788.079736670	10001000000	0100010
788.601021079	10001000001	0100010
789.499785867	10001000000	0100000
791.571542752	10011000000	0110000
793.159876465	10001000000	1110000
794.262682827	10001010000	1100100
794.347594457	10000010000	1100100
795.036505478	11000010000	1100100
795.248321225	01000010000	1100100
796.270177634	00000010000	1100100
797.287028659	00000110000	1110100
797.755093455	00000110100	1110110
799.175563095	10000110100	0110110
799.209072103	10000100100	0110110
799.492606742	10000100000	0100010
799.577401318	10000000000	0100010
802.517983990	10001000000	0100010
802.918285145	10001000001	0100010
803.837847827	10001000000	0100000
806.043133974	10011000000	0110000
807.697747339	10001000000	1110000
808.801415264	10001010000	1100100
808.885800290	10000010000	1100100
809.471883717	11100010000	1100100
809.803673651	01100010000	1100100
810.789862119	00000010000	1100100
811.808839671	00000110000	1110100
812.276484581	00000110100	1110110
813.763592580	00000100100	1110110
814.099005879	00000100000	1100010
814.172715247	00000000000	1100010
816.153567283	10000000000	0100010
817.092071199	10001000000	0100010
817.526519153	10001000001	0100010
818.428089045	10001000000	0100000
820.531474531	10011000000	0110000
822.202714870	10001000000	1110000
823.288760164	10001010000	1100100
823.376703464	10000010000	1100100
824.015342173	11000010000	1100100
824.343909910	01000010000	1100100
825.396260139	00000010000	1100100
826.313422237	00000110000	1101100
826.463747208	00000100000	1101100
827.082062106	00000101000	1101101
827.967700923	10000101000	0101101
829.003508546	10000100000	0100001
829.087279529	10000000000	0100001
832.012107963	10001000000	0100001
832.614052624	10001000010	0100001
833.515093678	10001000000	0100000
835.222418212	10011000000	0110000
837.025853845	10001000000	1110000
838.098966209	10001010000	1100100
838.195954514	10000010000	1100100
838.838295370	11100010000	1100100
839.165593951	01100010000	1100100
840.150583384	00000010000	1100100
841.119060663	00000110000	1110100
841.603621131	00000110100	1110110
843.090687783	00000100100	1110110
843.425344003	10000100100	0110110
843.508391150	10000100000	0100010
843.575633216	10000000000	0100010
846.520142085	10001000000	0100010
847.051898775	10001000001	0100010
847.937442049	10001000000	0100000
849.945491676	10011000000	0110000
851.680225001	10001000000	1110000
852.782909839	10001010000	1100100
852.866675513	10000010000	1100100
853.420333311	11100010000	1100100
853.702971467	01100010000	1100100
854.726582568	00000010000	1100100
855.790789053	00000110000	1101100
855.941667447	00000100000	1101100
856.559672249	00000101000	1101101
858.497804051	00000100000	1100001
858.583032201	00000000000	1100001
859.450879372	10000000000	0100001
861.505639404	10001000000	0100001
862.090436634	10001000010	0100001
863.043558609	10001000000	0100000
864.447257682	10011000000	0110000
866.139040297	10001000000	1110000
867.239211129	10001010000	1100100
867.309437652	10000010000	1100100
867.875527476	11000010000	1100100
868.207234160	01000010000	1100100
869.262237519	00000010000	1100100
870.229302607	00000110000	1101100
870.396371885	00000100000	1101100
870.964194332	00000101000	1101101
872.769387171	10000101000	0101101
872.902300153	10000100000	0100001
872.985772214	10000000000	0100001
875.910094439	10001000000	0100001
876.444974431	10001000010	0100001
877.363750980	10001000000	0100000
879.118338225	10011000000	0110000
880.808363633	10001000000	1110000
881.910748992	10001010000	1100100
881.994587580	10000010000	1100100
882.564425646	11000010000	1100100
882.846455346	01000010000	1100100
883.865785177	00000010000	1100100
884.934472119	00000110000	1110100
885.402177651	00000110100	1110110
886.873180251	00000100100	1110110
887.157666407	00000100000	1100010
887.257292756	00000000000	1100010
888.327271203	10000000000	0100010
890.181150398	10001000000	0100010
890.583609649	10001000001	0100010
891.485775427	10001000000	0100000
893.623181438	10011000000	0110000
895.344782088	10001000000	1110000
896.468572123	10001010000	1100100
896.582621255	10000010000	1100100
897.089070818	11000010000	1100100
897.405647086	01000010000	1100100
898.448775752	00000010000	1100100
899.473310714	00000110000	1110100
899.941031332	00000110100	1110110
901.661852275	00000100100	1110110
902.028963458	00000100000	1100010
902.114237145	00000000000	1100010
902.397827936	10000000000	0100010
905.056573391	10001000000	0100010
905.591769066	10001000001	0100010
906.508393106	10001000000	0100000
908.211390833	10011000000	0110000
909.900035619	10001000000	1110000
911.003217169	10001010000	1100100
911.088026551	10000010000	1100100
911.823778441	11000010000	1100100
912.258097607	01000010000	1100100
913.377268340	00000010000	1100100
914.011057271	00000110000	1110100
914.478474219	00000110100	1110110
915.966394332	10000110100	0110110
916.058446814	10000100100	0110110
916.383294804	10000100000	0100010
916.468125418	10000000000	0100010
919.391166754	10001000000	0100010
919.879475743	10001000001	0100010
920.778643096	10001000000	0100000
923.033706239	10011000000	0110000
924.755664477	10001000000	1110000
925.824989489	10001010000	1100100
925.910114274	10000010000	1100100
926.629382505	11000010000	1100100
927.112119557	01000010000	1100100
928.381945471	00000010000	1100100
928.849546800	00000110000	1110100
929.317526110	00000110100	1110110
930.821437361	00000100100	1110110
931.157521417	00000100000	1100010
931.240416869	00000000000	1100010
932.844073479	10000000000	0100010
934.180219832	10001000000	0100010
934.648952870	10001000001	0100010
935.583441192	10001000000	0100000
938.073718587	10011000000	0110000
939.778104480	10001000000	1110000
940.899120140	10001010000	1100100
940.989622145	10000010000	1100100
941.507349398	10100010000	1100100
941.534702036	11100010000	1100100
941.836752995	01100010000	1100100
942.808649982	00000010000	1100100
943.890665713	00000110000	1110100
944.357570306	00000110100	1110110
946.027907178	00000100100	1110110
946.479164251	00000100000	1100010
946.562554179	00000000000	1100010
946.746973987	10000000000	0100010
949.503535785	10001000000	0100010
950.090188278	10001000001	0100010
950.993326806	10001000000	0100000
952.532979471	10011000000	0110000
954.216157640	10001000000	1110000
955.319098377	10001010000	1100100
955.405472763	10000010000	1100100
955.940601669	11000010000	1100100
956.271924225	01000010000	1100100
957.291738475	00000010000	1100100
958.327031229	00000110000	1101100
958.510903201	00000100000	1101100
959.097722197	00000101000	1101101
960.984160836	00000100000	1100001
961.067338167	00000000000	1100001
961.469176110	10000000000	0100001
963.991603681	10001000000	0100001
964.528214899	10001000010	0100001
965.428449146	10001000000	0100000
967.066965215	10011000000	0110000
968.670767374	10001000000	1110000
969.757381734	10001010000	1100100
969.841325643	10000010000	1100100
970.562497189	11000010000	1100100
970.911069424	01000010000	1100100
971.980932213	00000010000	1100100
972.781680912	00000110000	1110100
973.249824768	00000110100	1110110
974.720378428	00000100100	1110110
975.037461744	00000100000	1100010
975.121826657	00000000000	1100010
975.606502223	10000000000	0100010
978.046087142	10001000000	0100010
978.431078810	10001000001	0100010
979.331646341	10001000000	0100000
981.872831324	10011000000	0110000
983.644541136	10001000000	1110000
984.747605631	10001010000	1100100
984.831899864	10000010000	1100100
985.403421943	11000010000	1100100
985.717478897	01000010000	1100100
986.788040938	00000010000	1100100
987.772184174	00000110000	1110100
988.240710202	00000110100	1110110
989.542750266	10000110100	0110110
989.675928365	10000100100	0110110
989.994133333	10000100000	0100010
990.094300253	10000000000	0100010
993.017874898	10001000000	0100010
993.485767046	10001000001	0100010
994.372184454	10001000000	0100000
996.579923426	10011000000	0110000
998.349912629	10001000000	1110000
999.456352414	10001010000	1100100
999.543407053	10000010000	1100100
1000.09125517	11100010000	1100100
1000.42639330	01100010000	1100100
1001.49125517	00000010000	1100100
1002.45995511	00000110000	1110100
1002.92786346	00000110100	1110110
1004.43165486	00000100100	1110110
1004.74876947	00000100000	1100010
1004.83265052	00000000000	1100010
1006.88822294	10000000000	0100010
1007.77428221	10001000000	0100010
1008.17779746	10001000001	0100010
1009.07651894	10001000000	0100000
1011.34989922	10011000000	0110000
1013.08860903	10001000000	1110000
1014.15712919	10001010000	1100100
1014.24062835	10000010000	1100100
1015.06173550	11000010000	1100100
1015.56125122	01000010000	1100100
1016.83092823	00000010000	1100100
1017.18167756	00000110000	1101100
1017.34989782	00000100000	1101100
1017.95097897	00000101000	1101101
1018.68587153	10000101000	0101101
1019.85516371	10000100000	0100001
1019.94002813	10000000000	0100001
1022.86396288	10001000000	0100001
1023.39830900	10001000010	0100001
1024.31741632	10001000000	0100000
1026.49216143	10011000000	0110000
1028.14750199	10001000000	1110000
1029.25143140	10001010000	1100100
1029.36510925	10000010000	1100100
1029.87635607	10100010000	1100100
1029.89383455	11100010000	1100100
1030.20441006	01100010000	1100100
1031.25337159	00000010000	1100100
1032.27130292	00000110000	1110100
1032.73926770	00000110100	1110110
1034.17651936	00000100100	1110110
1034.49387450	00000100000	1100010
1034.57862075	00000000000	1100010
1036.65369425	10000000000	0100010
1037.51857289	10001000000	0100010
1037.98839322	10001000001	0100010
1038.88818635	10001000000	0100000
1041.01071896	10011000000	0110000
1042.60241288	10001000000	1110000
1043.70575003	10001010000	1100100
1043.80291098	10000010000	1100100
1044.30830846	10100010000	1100100
1044.31810104	11100010000	1100100
1044.65547018	01100010000	1100100
1045.67578840	00000010000	1100100
1046.70923735	00000110000	1101100
1046.85965702	00000100000	1101100
1047.46134746	00000101000	1101101
1048.29788060	10000101000	0101101
1049.40274225	10000100000	0100001
1049.50069939	10000000000	0100001
1052.41054380	10001000000	0100001
1053.01202415	10001000010	0100001
1053.91374965	10001000000	0100000
1055.48212720	10011000000	0110000
1057.23859345	10001000000	1110000
1058.30657053	10001010000	1100100
1058.39162687	10000010000	1100100
1058.97741724	11000010000	1100100
1059.36136716	01000010000	1100100
1060.46444339	00000010000	1100100
1061.33118511	00000110000	1101100
1061.48194645	00000100000	1101100
1062.08351592	00000101000	1101101
1064.00457851	00000100000	1100001
1064.08811315	00000000000	1100001
1065.87713438	10000000000	0100001
1067.01616770	10001000000	0100001
1067.58153732	10001000010	0100001
1068.46870007	10001000000	0100000
1070.12318297	10011000000	0110000
1071.85973720	10001000000	1110000
1072.96305592	10001010000	1100100
1073.05283521	10000010000	1100100
1073.58215555	11000010000	1100100
1073.93153068	01000010000	1100100
1075.00147896	00000010000	1100100
1075.96964614	00000110000	1110100
1076.44196567	00000110100	1110110
1077.57374136	10000110100	0110110
1077.90810424	10000100100	0110110
1078.22530433	10000100000	0100010
1078.32173698	10000000000	0100010
1081.25061928	10001000000	0100010
1081.65403089	10001000001	0100010
1082.55388688	10001000000	0100000
1084.89312022	10011000000	0110000
1086.59842606	10001000000	1110000
1087.70448423	10001010000	1100100
1087.80187957	10000010000	1100100
1088.44164552	11000010000	1100100
1088.72571458	01000010000	1100100
1089.78969813	00000010000	1100100
1090.70817045	00000110000	1110100
1091.15987646	00000110100	1110110
1092.71410165	00000100100	1110110
1093.04859724	00000100000	1100010
1093.13183519	00000000000	1100010
1093.68275298	10000000000	0100010
1096.07234774	10001000000	0100010
1096.59044515	10001000001	0100010
1097.49293053	10001000000	0100000
1099.55016098	10011000000	0110000
1101.20298222	10001000000	1110000
1102.30566706	10001010000	1100100
1102.37583967	10000010000	1100100
1102.97741221	11000010000	1100100
1103.25817639	01000010000	1100100
1104.34539334	00000010000	1100100
1105.31394465	00000110000	1110100
1105.78145351	00000110100	1110110
1107.30895267	00000100100	1110110
1107.63580762	00000100000	1100010
1107.71949340	00000000000	1100010
1108.37157963	10000000000	0100010
1110.64425479	10001000000	0100010
1111.17851431	10001000001	0100010
1112.09745903	10001000000	0100000
1114.11967582	10011000000	0110000
1115.72387831	10001000000	1110000
1116.82752445	10001010000	1100100
1116.91130269	10000010000	1100100
1117.48126899	11000010000	1100100
1117.81336120	01000010000	1100100
1118.90302231	00000010000	1100100
1119.85159706	00000110000	1110100
1120.34155486	00000110100	1110110
1121.84256044	00000100100	1110110
1122.20770238	00000100000	1100010
1122.29273832	00000000000	1100010
1122.84311051	10000000000	0100010
1125.23217225	10001000000	0100010
1125.76729836	10001000001	0100010
1126.66939904	10001000000	0100000
1128.69339036	10011000000	0110000
1130.29590185	10001000000	1110000
1131.39912670	10001010000	1100100
1131.48474708	10000010000	1100100
1132.11991971	11100010000	1100100
1132.43820094	01100010000	1100100
1133.46317535	00000010000	1100100
1134.42308087	00000110000	1110100
1134.87430023	00000110100	1110110
1136.39764272	00000100100	1110110
1136.81255467	00000100000	1100010
1136.89752580	00000000000	1100010
1137.39777067	10000000000	0100010
1139.85472483	10001000000	0100010
1140.39203586	10001000001	0100010
1141.29148146	10001000000	0100000
1143.26327424	10011000000	0110000
1145.06886685	10001000000	1110000
1146.17212970	10001010000	1100100
1146.28395788	10000010000	1100100
1146.77455459	11000010000	1100100
1147.12346793	01000010000	1100100
1148.16045587	00000010000	1100100
1149.16180045	00000110000	1101100
1149.29601472	00000100000	1101100
1149.89760905	00000101000	1101101
1151.15031100	10000101000	0101101
1151.81920412	10000100000	0100001
1151.90404870	10000000000	0100001
1154.82691739	10001000000	0100001
1155.37812320	10001000010	0100001
1156.26358210	10001000000	0100000
1158.01808749	10011000000	0110000
1159.69032545	10001000000	1110000
1160.79305945	10001010000	1100100
1160.87876364	10000010000	1100100
1161.44816087	11000010000	1100100
1161.71232489	01000010000	1100100
1162.76550595	00000010000	1100100
1163.81709938	00000110000	1110100
1164.28538292	00000110100	1110110
1165.82230786	00000100100	1110110
1166.15738145	00000100000	1100010
1166.23121682	00000000000	1100010
1167.81256026	10000000000	0100010
1169.15130554	10001000000	0100010
1169.61858337	10001000001	0100010
1170.56870803	10001000000	0100000
1172.52303407	10011000000	0110000
1174.06441936	10001000000	1110000
1175.16488408	10001010000	1100100
1175.24800806	10000010000	1100100
1175.86779605	11000010000	1100100
1176.14978999	01000010000	1100100
1177.28650569	00000010000	1100100
1178.17163718	00000110000	1110100
1178.67403008	00000110100	1110110
1180.17776868	00000100100	1110110
1180.24776641	10000100100	0110110
1180.47831722	10000100000	0100010
1180.54798948	10000000000	0100010
1183.48528346	10001000000	0100010
1183.83630629	10001000001	0100010
1184.72145678	10001000000	0100000
1187.12850181	10011000000	0110000
1188.83380960	10001000000	1110000
1189.93693109	10001010000	1100100
1190.01237448	10000010000	1100100
1190.57904035	10100010000	1100100
1190.60717046	11100010000	1100100
1190.97417884	01100010000	1100100
1191.92493459	00000010000	1100100
1192.92692284	00000110000	1110100
1193.39478314	00000110100	1110110
1194.98268746	00000100100	1110110
1195.35017383	00000100000	1100010
1195.43537181	00000000000	1100010
1196.88752397	10000000000	0100010
1198.35753650	10001000000	0100010
1198.92608167	10001000001	0100010
1199.82779571	10001000000	0100000
1201.68296306	10011000000	0110000
1203.27063244	10001000000	1110000
1204.35744794	10001010000	1100100
1204.44169133	10000010000	1100100
1205.02800244	11000010000	1100100
1205.34322351	01000010000	1100100
1206.39766004	00000010000	1100100
1207.38164571	00000110000	1101100
1207.53188157	00000100000	1101100
1208.15055405	00000101000	1101101
1210.07305901	00000100000	1100001
1210.14342186	00000000000	1100001
1210.37380030	10000000000	0100001
1213.06445149	10001000000	0100001
1213.66447775	10001000010	0100001
1214.58393958	10001000000	0100000
1216.08792179	10011000000	0110000
1217.70981731	10001000000	1110000
1218.81174954	10001010000	1100100
1218.89517048	10000010000	1100100
1219.39913900	11100010000	1100100
1219.73166171	01100010000	1100100
1220.68431155	00000010000	1100100
1221.83610571	00000110000	1110100
1222.28744407	00000110100	1110110
1222.93919004	10000110100	0110110
1223.79106618	10000100100	0110110
1224.21003116	10000100000	0100010
1224.29311463	10000000000	0100010
1227.23337100	10001000000	0100010
1227.78523444	10001000001	0100010
1228.67025586	10001000000	0100000
1230.47524671	10011000000	0110000
1232.18042768	10001000000	1110000
1233.28301837	10001010000	1100100
1233.36651809	10000010000	1100100
1233.94254940	10100010000	1100100
1233.96986712	11100010000	1100100
1234.30407021	01100010000	1100100
1235.37552398	00000010000	1100100
1236.29082830	00000110000	1101100
1236.44186370	00000100000	1101100
1237.06037136	00000101000	1101101
1238.98112162	00000100000	1100001
1239.06606398	00000000000	1100001
1241.13857348	10000000000	0100001
1242.00941488	10001000000	0100001
1242.54357998	10001000010	0100001
1243.44338009	10001000000	0100000
1244.94650605	10011000000	0110000
1246.68473926	10001000000	1110000
1247.78773196	10001010000	1100100
1247.87287323	10000010000	1100100
1248.47569258	11000010000	1100100
1248.77430483	01000010000	1100100
1249.84372064	00000010000	1100100
1250.79688508	00000110000	1101100
1250.96300982	00000100000	1101100
1251.56443514	00000101000	1101101
1251.89868237	10000101000	0101101
1253.48657301	10000100000	0100001
1253.59195093	10000000000	0100001
1256.49365324	10001000000	0100001
1257.04587343	10001000010	0100001
1257.94836076	10001000000	0100000
1259.63549529	10011000000	0110000
1261.22341862	10001000000	1110000
1262.32584588	10001010000	1100100
1262.40971520	10000010000	1100100
1262.92985645	11000010000	1100100
1263.19715830	01000010000	1100100
1264.24820305	00000010000	1100100
1265.35051634	00000110000	1110100
1265.81900744	00000110100	1110110
1267.32299189	00000100100	1110110
1267.64070126	00000100000	1100010
1267.72380540	00000000000	1100010
1270.41453034	10000000000	0100010
1270.64753928	10001000000	0100010
1271.08301446	10001000001	0100010
1271.98421392	10001000000	0100000
1273.94098635	10011000000	0110000
1275.61079690	10001000000	1110000
1276.71458076	10001010000	1100100
1276.80008297	10000010000	1100100
1277.45156493	11000010000	1100100
1277.78875500	01000010000	1100100
1278.87014439	00000010000	1100100
1279.73921155	00000110000	1110100
1280.22298896	00000110100	1110110
1280.55732027	10000110100	0110110
1281.71086074	10000100100	0110110
1282.01076338	10000100000	0100010
1282.09552918	10000000000	0100010
1285.03532516	10001000000	0100010
1285.47305956	10001000001	0100010
1286.37278285	10001000000	0100000
1288.58025838	10011000000	0110000
1290.29941794	10001000000	1110000
1291.40247992	10001010000	1100100
1291.48589863	10000010000	1100100
1292.12444906	11000010000	1100100
1292.35580220	01000010000	1100100
1293.40821110	00000010000	1100100
1294.41051949	00000110000	1110100
1294.91308784	00000110100	1110110
1296.30229093	00000100100	1110110
1296.60379518	00000100000	1100010
1296.70047059	00000000000	1100010
1297.13829467	10000000000	0100010
1299.62688247	10001000000	0100010
1300.10917952	10001000001	0100010
1301.02783706	10001000000	0100000
1303.11663885	10011000000	0110000
1304.70807072	10001000000	1110000
1305.80702575	10001010000	1100100
1305.87662538	10000010000	1100100
1306.46120694	11000010000	1100100
1306.74307349	01000010000	1100100
1307.84608295	00000010000	1100100
1308.81540754	00000110000	1110100
1309.26779633	00000110100	1110110
1310.81106426	00000100100	1110110
1311.15455931	00000100000	1100010
1311.23998301	00000000000	1100010
1312.17761252	10000000000	0100010
1314.16229633	10001000000	0100010
1314.57959545	10001000001	0100010
1315.49929865	10001000000	0100000
1317.64047581	10011000000	0110000
1319.34351098	10001000000	1110000
1320.46727615	10001010000	1100100
1320.57491609	10000010000	1100100
1321.03305504	10100010000	1100100
1321.06390952	11100010000	1100100
1321.38216896	01100010000	1100100
1322.38499306	00000010000	1100100
1323.45367023	00000110000	1110100
1323.92145370	00000110100	1110110
1325.30799110	00000100100	1110110
1325.65893961	00000100000	1100010
1325.74395377	00000000000	1100010
1326.61203812	10000000000	0100010
1328.68676745	10001000000	0100010
1329.23576265	10001000001	0100010
1330.13773622	10001000000	0100000
1331.99215263	10011000000	0110000
1333.71370663	10001000000	1110000
1334.81799139	10001010000	1100100
1334.90195961	10000010000	1100100
1335.57470852	11000010000	1100100
1335.92494800	01000010000	1100100
1336.98965204	00000010000	1100100
1337.82462939	00000110000	1101100
1337.97486524	00000100000	1101100
1338.59327903	00000101000	1101101
1340.49792697	00000100000	1100001
1340.58140546	00000000000	1100001
1340.68176682	10000000000	0100001
1343.52276281	10001000000	0100001
1344.05705697	10001000010	0100001
1344.95922694	10001000000	0100000
1346.76456281	10011000000	0110000
1348.40314006	10001000000	1110000
1349.50988184	10001010000	1100100
1349.60660838	10000010000	1100100
1350.14463933	11000010000	1100100
1350.39631741	01000010000	1100100
1351.37722588	00000010000	1100100
1352.51345939	00000110000	1110100
1352.99948317	00000110100	1110110
1354.50228563	00000100100	1110110
1354.60173067	10000100100	0110110
1354.88651155	10000100000	0100010
1355.00351972	10000000000	0100010
1357.89386277	10001000000	0100010
1358.44678639	10001000001	0100010
1359.34734275	10001000000	0100000
1361.15427966	10011000000	0110000
1362.80761996	10001000000	1110000
1363.89444217	10001010000	1100100
1363.99454484	10000010000	1100100
1364.78335152	11000010000	1100100
1365.14879964	01000010000	1100100
1366.48350028	00000010000	1100100
1366.90109581	00000110000	1110100
1367.36884464	00000110100	1110110
1368.88981058	00000100100	1110110
1369.24055683	00000100000	1100010
1369.32590399	00000000000	1100010
1370.69491122	10000000000	0100010
1372.26503145	10001000000	0100010
1372.74974333	10001000001	0100010
1373.63638200	10001000000	0100000
1376.09132893	10011000000	0110000
1377.82941351	10001000000	1110000
1378.95096975	10001010000	1100100
1379.03457870	10000010000	1100100
1379.73757698	10100010000	1100100
1379.76833173	11100010000	1100100
1380.08623135	01100010000	1100100
1381.17320246	00000010000	1100100
1381.97481551	00000110000	1110100
1382.42490847	00000110100	1110110
1383.87854965	00000100100	1110110
1384.11277020	10000100100	0110110
1384.19767149	10000100000	0100010
1384.28251077	10000000000	0100010
1387.22134908	10001000000	0100010
1387.65539140	10001000001	0100010
1388.56030473	10001000000	0100000
1390.83233037	10011000000	0110000
1392.55144746	10001000000	1110000
1393.65504275	10001010000	1100100
1393.74629597	10000010000	1100100
1394.29223239	11000010000	1100100
1394.64135330	01000010000	1100100
1395.68147963	00000010000	1100100
1396.66272194	00000110000	1101100
1396.82972138	00000100000	1101100
1397.43096427	00000101000	1101101
1399.33584911	00000100000	1100001
1399.42073783	00000000000	1100001
1400.45683851	10000000000	0100001
1402.34362049	10001000000	0100001
1402.89599097	10001000010	0100001
1403.79993630	10001000000	0100000
1405.53582927	10011000000	0110000
1407.24781055	10001000000	1110000
1408.31090907	10001010000	1100100
1408.39592518	10000010000	1100100
1408.93093536	10100010000	1100100
1408.96169122	11100010000	1100100
1409.29699277	01100010000	1100100
1410.33297109	00000010000	1100100
1411.33449782	00000110000	1110100
1411.80213351	00000110100	1110110
1413.27399209	00000100100	1110110
1413.57391931	00000100000	1100010
1413.61803888	10000100000	0100010
1413.65682845	10000000000	0100010
1416.58109592	10001000000	0100010
1417.06622099	10001000001	0100010
1417.95106194	10001000000	0100000
1419.94042343	10011000000	0110000
1421.91609939	10001000000	1110000
1423.03586573	10001010000	1100100
1423.13324571	10000010000	1100100
1423.64260039	10100010000	1100100
1423.65451782	11100010000	1100100
1423.95283479	01100010000	1100100
1424.93942470	00000010000	1100100
1426.07478632	00000110000	1101100
1426.21087513	00000100000	1101100
1426.80936404	00000101000	1101101
1428.71306409	00000100000	1100001
1428.79651855	00000000000	1100001
1428.81435015	10000000000	0100001
1431.73814381	10001000000	0100001
1432.28889510	10001000010	0100001
1433.19110222	10001000000	0100000
1434.71223326	10011000000	0110000
1436.36698687	10001000000	1110000
1437.47061903	10001010000	1100100
1437.56992327	10000010000	1100100
1438.25755787	11000010000	1100100
1438.65638957	01000010000	1100100
1439.79386766	00000010000	1100100
1440.47749868	00000110000	1101100
1440.62790494	00000100000	1101100
1441.24664056	00000101000	1101101
1443.15414641	00000100000	1100001
1443.23832917	00000000000	1100001
1443.75278506	10000000000	0100001
1446.15986613	10001000000	0100001
1446.72737233	10001000010	0100001
1447.61230939	10001000000	0100000
1449.51765657	10011000000	0110000
1451.24050543	10001000000	1110000
1452.32601602	10001010000	1100100
1452.41090362	10000010000	1100100
1453.06283145	11000010000	1100100
1453.36246618	01000010000	1100100
1454.48171178	00000010000	1100100
1455.34983022	00000110000	1110100
1455.81772711	00000110100	1110110
1457.35669505	00000100100	1110110
1457.65649293	00000100000	1100010
1457.74155570	00000000000	1100010
1458.24200618	10000000000	0100010
1460.66352204	10001000000	0100010
1461.13156644	10001000001	0100010
1462.05024354	10001000000	0100000
1464.30691638	10011000000	0110000
1465.99487086	10001000000	1110000
1467.11460926	10001010000	1100100
1467.20082329	10000010000	1100100
1467.81869567	11000010000	1100100
1468.20064450	01000010000	1100100
1469.35415591	00000010000	1100100
1470.13933084	00000110000	1110100
1470.59001549	00000110100	1110110
1472.09402731	00000100100	1110110
1472.47822307	00000100000	1100010
1472.56525145	00000000000	1100010
1473.34925696	10000000000	0100010
1475.52094917	10001000000	0100010
1475.98834684	10001000001	0100010
1476.87277657	10001000000	0100000
1479.02900871	10011000000	0110000
1480.73437518	10001000000	1110000
1481.82358568	10001010000	1100100
1481.92086732	10000010000	1100100
1482.49307971	11000010000	1100100
1482.79409757	01000010000	1100100
1483.86071246	00000010000	1100100
1484.82747081	00000110000	1110100
1485.29627509	00000110100	1110110
1486.79929879	00000100100	1110110
1487.11756075	00000100000	1100010
1487.20001676	00000000000	1100010
1487.63480163	10000000000	0100010
1490.14121990	10001000000	0100010
1490.64274957	10001000001	0100010
1491.54443540	10001000000	0100000
1493.65071538	10011000000	0110000
1495.39075888	10001000000	1110000
1496.47628288	10001010000	1100100
1496.54796713	10000010000	1100100
1497.24098705	11000010000	1100100
1497.46569801	01000010000	1100100
1498.51983311	00000010000	1100100
1499.46601398	00000110000	1110100
1499.95332060	00000110100	1110110
1501.45452034	00000100100	1110110
1501.80515093	00000100000	1100010
1501.89105515	00000000000	1100010
1502.92705162	10000000000	0100010
1504.81312681	10001000000	0100010
1505.33234839	10001000001	0100010
1506.23383698	10001000000	0100000
1508.27300760	10011000000	0110000
1509.84360107	10001000000	1110000
1510.94650493	10001010000	1100100
1511.03120173	10000010000	1100100
1511.68502533	11100010000	1100100
1512.01584419	01100010000	1100100
1513.01863645	00000010000	1100100
1513.97169193	00000110000	1110100
1514.46143155	00000110100	1110110
1515.74298186	10000110100	0110110
1515.94631217	10000100100	0110110
1516.27729697	10000100000	0100010
1516.35596396	10000000000	0100010
1519.33160388	10001000000	0100010
1519.67207257	10001000001	0100010
1520.55451070	10001000000	0100000
1522.77810392	10011000000	0110000
1524.51491516	10001000000	1110000
1525.61935386	10001010000	1100100
1525.70137350	10000010000	1100100
1526.20570128	11000010000	1100100
1526.50388555	01000010000	1100100
1527.60702911	00000010000	1100100
1528.62599269	00000110000	1101100
1528.79318461	00000100000	1101100
1529.36126994	00000101000	1101101
1531.33265317	00000100000	1100001
1531.41623111	00000000000	1100001
1532.41974106	10000000000	0100001
1534.35752337	10001000000	0100001
1534.97578770	10001000010	0100001
1535.87764143	10001000000	0100000
1537.38191083	10011000000	0110000
1539.05343612	10001000000	1110000
1540.15626930	10001010000	1100100
1540.22316300	10000010000	1100100
1540.87795544	11000010000	1100100
1541.32618587	01000010000	1100100
1542.46264064	00000010000	1100100
1543.14787326	00000110000	1110100
1543.61522009	00000110100	1110110
1545.25282124	00000100100	1110110
1545.43672115	10000100100	0110110
1545.57025292	10000100000	0100010
1545.65359145	10000000000	0100010
1548.58026788	10001000000	0100010
1549.11292217	10001000001	0100010
1550.01518880	10001000000	0100000
1552.35617180	10011000000	0110000
1554.17612937	10001000000	1110000
1555.27937433	10001010000	1100100
1555.36273577	10000010000	1100100
1555.91658884	11000010000	1100100
1556.21534469	01000010000	1100100
1557.26815000	00000010000	1100100
1558.32169508	00000110000	1110100
1558.78977049	00000110100	1110110
1560.22909169	00000100100	1110110
1560.55302280	00000100000	1100010
1560.63988859	00000000000	1100010
1563.56717879	00001000000	1100010
